=== SSK Jaguareté Blender Rig Dump ===
Blender: 2.83.1
Jaguareté GLB: E:\SuperSmashKapes\super-smash-kapes\assets\fighters\models\jaguarete\jaguarete_v2.glb
Idle FBX: E:\SuperSmashKapes\super-smash-kapes\assets\fighters\animations\Idle.fbx

--- JAGUARETÉ V2 GLB ---
armature_count=1
armature_name=Armature
bone_count=41
bone_hierarchy:
  Root (parent=-)
  Hip (parent=Root)
  Pelvis (parent=Hip)
  L_Thigh (parent=Pelvis)
  L_Calf (parent=L_Thigh)
  L_Foot (parent=L_Calf)
  L_ToeBase (parent=L_Foot)
  L_CalfTwist01 (parent=L_Calf)
  L_CalfTwist02 (parent=L_CalfTwist01)
  L_ThighTwist01 (parent=L_Thigh)
  L_ThighTwist02 (parent=L_ThighTwist01)
  R_Thigh (parent=Pelvis)
  R_ThighTwist01 (parent=R_Thigh)
  R_ThighTwist02 (parent=R_ThighTwist01)
  R_Calf (parent=R_Thigh)
  R_Foot (parent=R_Calf)
  R_ToeBase (parent=R_Foot)
  R_CalfTwist01 (parent=R_Calf)
  R_CalfTwist02 (parent=R_CalfTwist01)
  Waist (parent=Hip)
  Spine01 (parent=Waist)
  Spine02 (parent=Spine01)
  NeckTwist01 (parent=Spine02)
  NeckTwist02 (parent=NeckTwist01)
  Head (parent=NeckTwist02)
  L_Clavicle (parent=Spine02)
  L_Upperarm (parent=L_Clavicle)
  L_Forearm (parent=L_Upperarm)
  L_ForearmTwist01 (parent=L_Forearm)
  L_ForearmTwist02 (parent=L_ForearmTwist01)
  L_Hand (parent=L_Forearm)
  L_UpperarmTwist01 (parent=L_Upperarm)
  L_UpperarmTwist02 (parent=L_UpperarmTwist01)
  R_Clavicle (parent=Spine02)
  R_Upperarm (parent=R_Clavicle)
  R_UpperarmTwist01 (parent=R_Upperarm)
  R_UpperarmTwist02 (parent=R_UpperarmTwist01)
  R_Forearm (parent=R_Upperarm)
  R_ForearmTwist01 (parent=R_Forearm)
  R_ForearmTwist02 (parent=R_ForearmTwist01)
  R_Hand (parent=R_Forearm)
bone_rest:
  Root: head=(-0.00879,-0.24143,0.00000) tail=(-0.00879,-0.24143,0.38209) mat_local=[-1.0, 0.0, -0.0, -0.00879, -0.0, -0.0, 1.0, -0.24143, -0.0, 1.0, 0.0, 0.0, 0.0, 0.0, 0.0, 1.0]
  Hip: head=(-0.00879,-0.24143,0.38209) tail=(0.16805,-0.51767,0.57807) mat_local=[-0.687, 0.46283, 0.5602, -0.00879, 0.07313, -0.72297, 0.687, -0.24143, 0.72297, 0.51293, 0.46283, 0.38209, 0.0, 0.0, 0.0, 1.0]
  Pelvis: head=(-0.00879,-0.24143,0.38209) tail=(-0.00225,-0.24930,0.30433) mat_local=[-0.0084, 0.08336, 0.99648, -0.00879, -0.99496, -0.10029, -0.0, -0.24143, 0.09994, -0.99146, 0.08379, 0.38209, 0.0, 0.0, 0.0, 1.0]
  L_Thigh: head=(0.06947,-0.23635,0.38076) tail=(0.09988,-0.21716,0.19034) mat_local=[0.01561, 0.15694, 0.98748, 0.06947, -0.99508, 0.09903, -1e-05, -0.23635, -0.09779, -0.98263, 0.15772, 0.38076, 0.0, 0.0, 0.0, 1.0]
  L_Calf: head=(0.09989,-0.21720,0.19034) tail=(0.12934,-0.24020,0.05441) mat_local=[-0.03456, 0.20889, 0.97733, 0.09989, -0.9866, -0.16315, -1e-05, -0.2172, 0.15945, -0.96423, 0.21173, 0.19034, 0.0, 0.0, 0.0, 1.0]
  L_Foot: head=(0.12934,-0.24024,0.05441) tail=(0.13621,-0.27912,0.04556) mat_local=[-0.58887, 0.16971, 0.79021, 0.12934, -0.27696, -0.96088, -3e-05, -0.24024, 0.75929, -0.21888, 0.61284, 0.05441, 0.0, 0.0, 0.0, 1.0]
  L_ToeBase: head=(0.13621,-0.27912,0.04556) tail=(0.14308,-0.31800,0.03670) mat_local=[-0.98476, 0.16971, 0.03807, 0.13621, -0.17393, -0.96088, -0.21554, -0.27912, -0.0, -0.21888, 0.97575, 0.04556, 0.0, 0.0, 0.0, 1.0]
  L_CalfTwist01: head=(0.09987,-0.21719,0.19042) tail=(0.11216,-0.22678,0.13371) mat_local=[-0.03456, 0.20889, 0.97733, 0.09987, -0.9866, -0.16315, -1e-05, -0.21719, 0.15945, -0.96423, 0.21173, 0.19042, 0.0, 0.0, 0.0, 1.0]
  L_CalfTwist02: head=(0.11216,-0.22678,0.13371) tail=(0.12444,-0.23638,0.07700) mat_local=[-0.03456, 0.20889, 0.97733, 0.11216, -0.9866, -0.16315, -1e-05, -0.22678, 0.15945, -0.96423, 0.21173, 0.13371, 0.0, 0.0, 0.0, 1.0]
  L_ThighTwist01: head=(0.06945,-0.23636,0.38086) tail=(0.08466,-0.22676,0.28562) mat_local=[0.01561, 0.15694, 0.98748, 0.06945, -0.99508, 0.09903, -1e-05, -0.23636, -0.09779, -0.98263, 0.15772, 0.38086, 0.0, 0.0, 0.0, 1.0]
  L_ThighTwist02: head=(0.08466,-0.22676,0.28562) tail=(0.09987,-0.21717,0.19038) mat_local=[0.01561, 0.15694, 0.98748, 0.08466, -0.99508, 0.09903, -1e-05, -0.22676, -0.09779, -0.98263, 0.15772, 0.28562, 0.0, 0.0, 0.0, 1.0]
  R_Thigh: head=(-0.08704,-0.24646,0.38305) tail=(-0.11803,-0.21716,0.21073) mat_local=[-0.02921, -0.17453, 0.98422, -0.08704, -0.98628, 0.16508, 0.0, -0.24646, -0.16248, -0.97071, -0.17696, 0.38305, 0.0, 0.0, 0.0, 1.0]
  R_ThighTwist01: head=(-0.08703,-0.24648,0.38313) tail=(-0.10252,-0.23182,0.29697) mat_local=[-0.02921, -0.17453, 0.98422, -0.08703, -0.98628, 0.16508, 0.0, -0.24648, -0.16248, -0.97071, -0.17696, 0.38313, 0.0, 0.0, 0.0, 1.0]
  R_ThighTwist02: head=(-0.10252,-0.23182,0.29697) tail=(-0.11801,-0.21717,0.21080) mat_local=[-0.02921, -0.17453, 0.98422, -0.10252, -0.98628, 0.16508, 0.0, -0.23182, -0.16248, -0.97071, -0.17696, 0.29697, 0.0, 0.0, 0.0, 1.0]
  R_Calf: head=(-0.11802,-0.21718,0.21072) tail=(-0.14045,-0.21592,0.05033) mat_local=[-0.00107, -0.13845, 0.99037, -0.11802, -0.99997, 0.00776, 0.0, -0.21718, -0.00769, -0.99034, -0.13846, 0.21072, 0.0, 0.0, 0.0, 1.0]
  R_Foot: head=(-0.14045,-0.21596,0.05033) tail=(-0.15023,-0.25124,0.04270) mat_local=[0.74372, -0.26141, 0.61526, -0.14045, -0.3316, -0.94342, 0.0, -0.21596, 0.58045, -0.20402, -0.78832, 0.05033, 0.0, 0.0, 0.0, 1.0]
  R_ToeBase: head=(-0.15023,-0.25124,0.04270) tail=(-0.16000,-0.28652,0.03507) mat_local=[-0.96369, -0.26141, -0.05448, -0.15023, 0.26702, -0.94342, -0.19662, -0.25124, 0.0, -0.20402, 0.97897, 0.0427, 0.0, 0.0, 0.0, 1.0]
  R_CalfTwist01: head=(-0.11801,-0.21718,0.21082) tail=(-0.12736,-0.21666,0.14390) mat_local=[-0.00107, -0.13845, 0.99037, -0.11801, -0.99997, 0.00776, 0.0, -0.21718, -0.00769, -0.99034, -0.13846, 0.21082, 0.0, 0.0, 0.0, 1.0]
  R_CalfTwist02: head=(-0.12736,-0.21666,0.14390) tail=(-0.13672,-0.21613,0.07698) mat_local=[-0.00107, -0.13845, 0.99037, -0.12736, -0.99997, 0.00776, 0.0, -0.21666, -0.00769, -0.99034, -0.13846, 0.1439, 0.0, 0.0, 0.0, 1.0]
  Waist: head=(-0.00879,-0.24143,0.38214) tail=(-0.01292,-0.23647,0.43116) mat_local=[-0.0084, -0.08337, -0.99648, -0.00879, -0.99496, 0.10029, -0.0, -0.24143, 0.09994, 0.99146, -0.08379, 0.38214, 0.0, 0.0, 0.0, 1.0]
  Spine01: head=(-0.01292,-0.23647,0.43116) tail=(-0.02115,-0.22656,0.52911) mat_local=[-0.0084, -0.08336, -0.99648, -0.01292, -0.99496, 0.10029, -0.0, -0.23647, 0.09994, 0.99146, -0.08379, 0.43116, 0.0, 0.0, 0.0, 1.0]
  Spine02: head=(-0.02115,-0.22656,0.52911) tail=(-0.02835,-0.21790,0.61476) mat_local=[-0.0084, -0.08336, -0.99648, -0.02115, -0.99496, 0.10029, -0.0, -0.22656, 0.09994, 0.99146, -0.08379, 0.52911, 0.0, 0.0, 0.0, 1.0]
  NeckTwist01: head=(-0.02835,-0.21790,0.61476) tail=(-0.03046,-0.21537,0.63977) mat_local=[-0.0084, -0.08336, -0.99648, -0.02835, -0.99496, 0.10029, -0.0, -0.2179, 0.09994, 0.99146, -0.08379, 0.61476, 0.0, 0.0, 0.0, 1.0]
  NeckTwist02: head=(-0.03046,-0.21537,0.63977) tail=(-0.03153,-0.21407,0.65257) mat_local=[-0.0084, -0.08336, -0.99648, -0.03046, -0.99496, 0.10029, -0.0, -0.21537, 0.09994, 0.99146, -0.08379, 0.63977, 0.0, 0.0, 0.0, 1.0]
  Head: head=(-0.03153,-0.21407,0.65257) tail=(-0.03261,-0.21278,0.66536) mat_local=[-0.0084, -0.08337, -0.99648, -0.03153, -0.99496, 0.10029, -0.0, -0.21407, 0.09994, 0.99146, -0.08379, 0.65257, 0.0, 0.0, 0.0, 1.0]
  L_Clavicle: head=(-0.02835,-0.19790,0.61474) tail=(0.12129,-0.21721,0.62813) mat_local=[0.08764, 0.98789, -0.12802, -0.02835, -0.01131, -0.12752, -0.99177, -0.1979, -0.99609, 0.08837, -0.0, 0.61474, 0.0, 0.0, 0.0, 1.0]
  L_Upperarm: head=(0.12131,-0.21718,0.62796) tail=(0.21954,-0.21404,0.47380) mat_local=[-0.84279, 0.5373, 0.03199, 0.12131, -0.02697, 0.0172, -0.99949, -0.21718, -0.53757, -0.84322, 0.0, 0.62796, 0.0, 0.0, 0.0, 1.0]
  L_Forearm: head=(0.21949,-0.21409,0.47376) tail=(0.24138,-0.26568,0.31064) mat_local=[-0.36946, 0.12695, -0.92053, 0.21949, 0.87058, -0.29913, -0.39066, -0.21409, -0.32495, -0.94573, -0.0, 0.47376, 0.0, 0.0, 0.0, 1.0]
  L_ForearmTwist01: head=(0.21947,-0.21406,0.47384) tail=(0.23043,-0.23988,0.39221) mat_local=[-0.36946, 0.12695, -0.92053, 0.21947, 0.87058, -0.29913, -0.39066, -0.21406, -0.32495, -0.94573, -0.0, 0.47384, 0.0, 0.0, 0.0, 1.0]
  L_ForearmTwist02: head=(0.23043,-0.23988,0.39221) tail=(0.24139,-0.26570,0.31058) mat_local=[-0.36946, 0.12695, -0.92053, 0.23043, 0.87058, -0.29913, -0.39066, -0.23988, -0.32495, -0.94573, -0.0, 0.39221, 0.0, 0.0, 0.0, 1.0]
  L_Hand: head=(0.24137,-0.26568,0.31064) tail=(0.15767,-0.28275,0.16080) mat_local=[0.85124, -0.48525, -0.19982, 0.24137, 0.1736, -0.09896, 0.97983, -0.26568, -0.49524, -0.86876, 0.0, 0.31064, 0.0, 0.0, 0.0, 1.0]
  L_UpperarmTwist01: head=(0.12126,-0.21718,0.62804) tail=(0.17039,-0.21561,0.55094) mat_local=[-0.84279, 0.5373, 0.03199, 0.12126, -0.02697, 0.0172, -0.99949, -0.21718, -0.53757, -0.84322, -0.0, 0.62804, 0.0, 0.0, 0.0, 1.0]
  L_UpperarmTwist02: head=(0.17039,-0.21561,0.55094) tail=(0.21951,-0.21404,0.47385) mat_local=[-0.84279, 0.5373, 0.03199, 0.17039, -0.02697, 0.0172, -0.99949, -0.21561, -0.53757, -0.84322, 0.0, 0.55094, 0.0, 0.0, 0.0, 1.0]
  R_Clavicle: head=(-0.02835,-0.23790,0.61474) tail=(-0.18001,-0.21611,0.62585) mat_local=[0.07161, -0.98724, -0.14221, -0.02835, -0.01029, 0.14183, -0.98984, -0.2379, 0.99738, 0.07235, 0.0, 0.61474, 0.0, 0.0, 0.0, 1.0]
  R_Upperarm: head=(-0.18002,-0.21614,0.62569) tail=(-0.23179,-0.21718,0.46472) mat_local=[-0.95177, -0.30614, 0.02024, -0.18002, -0.01927, -0.0062, -0.9998, -0.21614, 0.3062, -0.95197, 0.0, 0.62569, 0.0, 0.0, 0.0, 1.0]
  R_UpperarmTwist01: head=(-0.18000,-0.21614,0.62577) tail=(-0.20588,-0.21666,0.54527) mat_local=[-0.95177, -0.30614, 0.02024, -0.18, -0.01927, -0.0062, -0.9998, -0.21614, 0.3062, -0.95197, 0.0, 0.62577, 0.0, 0.0, 0.0, 1.0]
  R_UpperarmTwist02: head=(-0.20588,-0.21666,0.54527) tail=(-0.23177,-0.21718,0.46477) mat_local=[-0.95177, -0.30614, 0.02024, -0.20588, -0.01927, -0.0062, -0.9998, -0.21666, 0.3062, -0.95197, 0.0, 0.54527, 0.0, 0.0, 0.0, 1.0]
  R_Forearm: head=(-0.23178,-0.21722,0.46471) tail=(-0.26595,-0.25347,0.32425) mat_local=[-0.64645, -0.22925, 0.7277, -0.23178, -0.68585, -0.24322, -0.6859, -0.21722, 0.33424, -0.94249, 0.0, 0.46471, 0.0, 0.0, 0.0, 1.0]
  R_ForearmTwist01: head=(-0.23176,-0.21720,0.46478) tail=(-0.24886,-0.23534,0.39449) mat_local=[-0.64645, -0.22925, 0.7277, -0.23176, -0.68585, -0.24322, -0.6859, -0.2172, 0.33424, -0.94249, 0.0, 0.46478, 0.0, 0.0, 0.0, 1.0]
  R_ForearmTwist02: head=(-0.24886,-0.23534,0.39449) tail=(-0.26596,-0.25348,0.32419) mat_local=[-0.64645, -0.22925, 0.7277, -0.24886, -0.68585, -0.24322, -0.6859, -0.23534, 0.33424, -0.94249, 0.0, 0.39449, 0.0, 0.0, 0.0, 1.0]
  R_Hand: head=(-0.26593,-0.25347,0.32425) tail=(-0.19531,-0.27653,0.19505) mat_local=[0.82408, 0.47384, 0.31042, -0.26593, -0.2691, -0.15473, 0.9506, -0.25347, 0.49847, -0.86691, -0.0, 0.32425, 0.0, 0.0, 0.0, 1.0]
mesh_skin:
  mesh=model armature_modifier=yes vertex_groups=41

--- MIXAMO IDLE FBX ---
armature_count=1
armature_name=Armature.001
bone_count=65
bone_hierarchy:
  mixamorig5:Hips (parent=-)
  mixamorig5:Spine (parent=mixamorig5:Hips)
  mixamorig5:Spine1 (parent=mixamorig5:Spine)
  mixamorig5:Spine2 (parent=mixamorig5:Spine1)
  mixamorig5:Neck (parent=mixamorig5:Spine2)
  mixamorig5:Head (parent=mixamorig5:Neck)
  mixamorig5:HeadTop_End (parent=mixamorig5:Head)
  mixamorig5:LeftShoulder (parent=mixamorig5:Spine2)
  mixamorig5:LeftArm (parent=mixamorig5:LeftShoulder)
  mixamorig5:LeftForeArm (parent=mixamorig5:LeftArm)
  mixamorig5:LeftHand (parent=mixamorig5:LeftForeArm)
  mixamorig5:LeftHandThumb1 (parent=mixamorig5:LeftHand)
  mixamorig5:LeftHandThumb2 (parent=mixamorig5:LeftHandThumb1)
  mixamorig5:LeftHandThumb3 (parent=mixamorig5:LeftHandThumb2)
  mixamorig5:LeftHandThumb4 (parent=mixamorig5:LeftHandThumb3)
  mixamorig5:LeftHandIndex1 (parent=mixamorig5:LeftHand)
  mixamorig5:LeftHandIndex2 (parent=mixamorig5:LeftHandIndex1)
  mixamorig5:LeftHandIndex3 (parent=mixamorig5:LeftHandIndex2)
  mixamorig5:LeftHandIndex4 (parent=mixamorig5:LeftHandIndex3)
  mixamorig5:LeftHandMiddle1 (parent=mixamorig5:LeftHand)
  mixamorig5:LeftHandMiddle2 (parent=mixamorig5:LeftHandMiddle1)
  mixamorig5:LeftHandMiddle3 (parent=mixamorig5:LeftHandMiddle2)
  mixamorig5:LeftHandMiddle4 (parent=mixamorig5:LeftHandMiddle3)
  mixamorig5:LeftHandRing1 (parent=mixamorig5:LeftHand)
  mixamorig5:LeftHandRing2 (parent=mixamorig5:LeftHandRing1)
  mixamorig5:LeftHandRing3 (parent=mixamorig5:LeftHandRing2)
  mixamorig5:LeftHandRing4 (parent=mixamorig5:LeftHandRing3)
  mixamorig5:LeftHandPinky1 (parent=mixamorig5:LeftHand)
  mixamorig5:LeftHandPinky2 (parent=mixamorig5:LeftHandPinky1)
  mixamorig5:LeftHandPinky3 (parent=mixamorig5:LeftHandPinky2)
  mixamorig5:LeftHandPinky4 (parent=mixamorig5:LeftHandPinky3)
  mixamorig5:RightShoulder (parent=mixamorig5:Spine2)
  mixamorig5:RightArm (parent=mixamorig5:RightShoulder)
  mixamorig5:RightForeArm (parent=mixamorig5:RightArm)
  mixamorig5:RightHand (parent=mixamorig5:RightForeArm)
  mixamorig5:RightHandThumb1 (parent=mixamorig5:RightHand)
  mixamorig5:RightHandThumb2 (parent=mixamorig5:RightHandThumb1)
  mixamorig5:RightHandThumb3 (parent=mixamorig5:RightHandThumb2)
  mixamorig5:RightHandThumb4 (parent=mixamorig5:RightHandThumb3)
  mixamorig5:RightHandIndex1 (parent=mixamorig5:RightHand)
  mixamorig5:RightHandIndex2 (parent=mixamorig5:RightHandIndex1)
  mixamorig5:RightHandIndex3 (parent=mixamorig5:RightHandIndex2)
  mixamorig5:RightHandIndex4 (parent=mixamorig5:RightHandIndex3)
  mixamorig5:RightHandMiddle1 (parent=mixamorig5:RightHand)
  mixamorig5:RightHandMiddle2 (parent=mixamorig5:RightHandMiddle1)
  mixamorig5:RightHandMiddle3 (parent=mixamorig5:RightHandMiddle2)
  mixamorig5:RightHandMiddle4 (parent=mixamorig5:RightHandMiddle3)
  mixamorig5:RightHandRing1 (parent=mixamorig5:RightHand)
  mixamorig5:RightHandRing2 (parent=mixamorig5:RightHandRing1)
  mixamorig5:RightHandRing3 (parent=mixamorig5:RightHandRing2)
  mixamorig5:RightHandRing4 (parent=mixamorig5:RightHandRing3)
  mixamorig5:RightHandPinky1 (parent=mixamorig5:RightHand)
  mixamorig5:RightHandPinky2 (parent=mixamorig5:RightHandPinky1)
  mixamorig5:RightHandPinky3 (parent=mixamorig5:RightHandPinky2)
  mixamorig5:RightHandPinky4 (parent=mixamorig5:RightHandPinky3)
  mixamorig5:LeftUpLeg (parent=mixamorig5:Hips)
  mixamorig5:LeftLeg (parent=mixamorig5:LeftUpLeg)
  mixamorig5:LeftFoot (parent=mixamorig5:LeftLeg)
  mixamorig5:LeftToeBase (parent=mixamorig5:LeftFoot)
  mixamorig5:LeftToe_End (parent=mixamorig5:LeftToeBase)
  mixamorig5:RightUpLeg (parent=mixamorig5:Hips)
  mixamorig5:RightLeg (parent=mixamorig5:RightUpLeg)
  mixamorig5:RightFoot (parent=mixamorig5:RightLeg)
  mixamorig5:RightToeBase (parent=mixamorig5:RightFoot)
  mixamorig5:RightToe_End (parent=mixamorig5:RightToeBase)
bone_rest:
  mixamorig5:Hips: head=(0.00000,93.01472,0.00000) tail=(0.00000,105.09065,0.00000) mat_local=[1.0, 0.0, 0.0, 0.0, 0.0, 1.0, 0.0, 93.01472, 0.0, 0.0, 1.0, 0.0, 0.0, 0.0, 0.0, 1.0]
  mixamorig5:Spine: head=(0.00000,108.06753,0.39880) tail=(0.00000,119.80795,-0.84698) mat_local=[1.0, 0.0, 0.0, 0.0, 0.0, 0.99442, 0.10552, 108.06753, 0.0, -0.10552, 0.99442, 0.3988, 0.0, 0.0, 0.0, 1.0]
  mixamorig5:Spine1: head=(0.00000,119.87352,0.30956) tail=(0.00000,133.51581,-1.13803) mat_local=[1.0, 0.0, 0.0, 0.0, 0.0, 0.99442, 0.10552, 119.87352, 0.0, -0.10552, 0.99442, 0.30956, 0.0, 0.0, 0.0, 1.0]
  mixamorig5:Spine2: head=(0.00000,133.36612,-2.17180) tail=(0.00000,148.53470,-3.78134) mat_local=[1.0, 0.0, 0.0, 0.0, 0.0, 0.99442, 0.10552, 133.36612, 0.0, -0.10552, 0.99442, -2.1718, 0.0, 0.0, 0.0, 1.0]
  mixamorig5:Neck: head=(0.00000,148.54521,-5.36891) tail=(0.00000,154.74226,-5.36891) mat_local=[1.0, 0.0, 0.0, 0.0, 0.0, 1.0, 0.0, 148.54523, 0.0, 0.0, 1.0, -5.36891, 0.0, 0.0, 0.0, 1.0]
  mixamorig5:Head: head=(0.00000,154.58340,-3.97481) tail=(0.00000,178.97954,-3.97481) mat_local=[1.0, 0.0, 0.0, 0.0, 0.0, 1.0, 0.0, 154.58342, 0.0, -0.0, 1.0, -3.97481, 0.0, 0.0, 0.0, 1.0]
  mixamorig5:HeadTop_End: head=(0.00000,178.35420,1.51339) tail=(0.00000,202.75034,1.51339) mat_local=[1.0, 0.0, 0.0, 0.0, 0.0, 1.0, 0.0, 178.35422, 0.0, -0.0, 1.0, 1.51339, 0.0, 0.0, 0.0, 1.0]
  mixamorig5:LeftShoulder: head=(6.47530,146.65526,-5.37462) tail=(19.20267,142.80605,-5.38611) mat_local=[-0.03264, 0.95718, -0.28764, 6.4753, -0.10497, -0.28949, -0.95141, 146.65526, -0.99394, -0.00086, 0.10992, -5.37462, 0.0, 0.0, 0.0, 1.0]
  mixamorig5:LeftArm: head=(19.20267,142.80605,-5.38611) tail=(46.92457,142.80605,-5.38611) mat_local=[0.0, 1.0, 0.0, 19.20267, -0.0996, 0.0, -0.99503, 142.80605, -0.99503, 0.0, 0.0996, -5.38611, 0.0, 0.0, 0.0, 1.0]
  mixamorig5:LeftForeArm: head=(46.92457,142.80605,-5.38611) tail=(68.18036,142.80605,-5.38611) mat_local=[0.0, 1.0, -0.0, 46.92457, -0.10267, 0.0, -0.99472, 142.80605, -0.99472, 0.0, 0.10267, -5.38611, 0.0, 0.0, 0.0, 1.0]
  mixamorig5:LeftHand: head=(68.18036,142.80605,-5.38611) tail=(78.32636,142.60712,-6.32427) mat_local=[-0.0925, 0.99556, -0.01727, 68.18036, -0.02344, -0.01952, -0.99953, 142.80605, -0.99544, -0.09206, 0.02514, -5.38611, 0.0, 0.0, 0.0, 1.0]
  mixamorig5:LeftHandThumb1: head=(72.18395,141.60933,-2.82913) tail=(75.44341,139.84915,-1.54952) mat_local=[0.37274, 0.83168, -0.41156, 72.18395, 0.01574, -0.44912, -0.89333, 141.60933, -0.9278, 0.3265, -0.1805, -2.82913, 0.0, 0.0, 0.0, 1.0]
  mixamorig5:LeftHandThumb2: head=(75.21971,139.85663,-1.07644) tail=(78.02431,138.25308,0.46006) mat_local=[0.45925, 0.78397, -0.4177, 75.21971, -0.04675, -0.44824, -0.89269, 139.85663, -0.88708, 0.4295, -0.1692, -1.07643, 0.0, 0.0, 0.0, 1.0]
  mixamorig5:LeftHandThumb3: head=(77.99077,138.25676,0.52344) tail=(80.06097,136.93773,2.40294) mat_local=[0.61124, 0.66962, -0.4219, 77.99077, -0.14841, -0.42665, -0.89216, 138.25676, -0.77741, 0.60793, -0.16141, 0.52344, 0.0, 0.0, 0.0, 1.0]
  mixamorig5:LeftHandThumb4: head=(80.38553,136.87415,1.90605) tail=(82.45573,135.55511,3.78555) mat_local=[0.61124, 0.66962, -0.4219, 80.38553, -0.14841, -0.42665, -0.89216, 136.87415, -0.77741, 0.60793, -0.16141, 1.90605, 0.0, 0.0, 0.0, 1.0]
  mixamorig5:LeftHandIndex1: head=(79.72660,142.51537,-2.91287) tail=(83.01789,142.51591,-2.89078) mat_local=[0.00671, 0.99998, -0.0, 79.7266, -0.025, 0.00017, -0.99969, 142.51537, -0.99966, 0.00671, 0.025, -2.91287, 0.0, 0.0, 0.0, 1.0]
  mixamorig5:LeftHandIndex2: head=(83.01797,142.51537,-2.91287) tail=(86.14607,142.51527,-2.91657) mat_local=[-0.00118, 1.0, -0.0, 83.01797, -0.02465, -3e-05, -0.9997, 142.51537, -0.9997, -0.00118, 0.02465, -2.91287, 0.0, 0.0, 0.0, 1.0]
  mixamorig5:LeftHandIndex3: head=(86.14608,142.51537,-2.91287) tail=(88.76058,142.51491,-2.93117) mat_local=[-0.007, 0.99998, 0.0, 86.14608, -0.02504, -0.00018, -0.99969, 142.51537, -0.99966, -0.007, 0.02504, -2.91287, 0.0, 0.0, 0.0, 1.0]
  mixamorig5:LeftHandIndex4: head=(88.76064,142.51537,-2.91287) tail=(91.37514,142.51491,-2.93117) mat_local=[-0.007, 0.99998, 0.0, 88.76064, -0.02504, -0.00018, -0.99969, 142.51537, -0.99966, -0.007, 0.02504, -2.91287, 0.0, 0.0, 0.0, 1.0]
  mixamorig5:LeftHandMiddle1: head=(79.88691,142.80605,-5.38610) tail=(83.34071,142.80649,-5.36831) mat_local=[0.00515, 0.99999, 0.0, 79.88691, -0.02476, 0.00013, -0.99969, 142.80605, -0.99968, 0.00515, 0.02476, -5.3861, 0.0, 0.0, 0.0, 1.0]
  mixamorig5:LeftHandMiddle2: head=(83.34076,142.80605,-5.38610) tail=(86.64806,142.80577,-5.39730) mat_local=[-0.00339, 0.99999, 0.0, 83.34076, -0.0246, -8e-05, -0.9997, 142.80605, -0.99969, -0.00339, 0.0246, -5.3861, 0.0, 0.0, 0.0, 1.0]
  mixamorig5:LeftHandMiddle3: head=(86.64808,142.80605,-5.38610) tail=(89.43668,142.80588,-5.39270) mat_local=[-0.00237, 1.0, -0.0, 86.64808, -0.02454, -6e-05, -0.9997, 142.80605, -0.9997, -0.00237, 0.02454, -5.3861, 0.0, 0.0, 0.0, 1.0]
  mixamorig5:LeftHandMiddle4: head=(89.43669,142.80605,-5.38610) tail=(92.22529,142.80588,-5.39270) mat_local=[-0.00237, 1.0, -0.0, 89.43669, -0.02454, -6e-05, -0.9997, 142.80605, -0.9997, -0.00237, 0.02454, -5.3861, 0.0, 0.0, 0.0, 1.0]
  mixamorig5:LeftHandRing1: head=(79.49692,142.81281,-7.66830) tail=(82.46262,142.81276,-7.66950) mat_local=[-0.0004, 1.0, -0.0, 79.49692, -0.03818, -2e-05, -0.99927, 142.81281, -0.99927, -0.0004, 0.03818, -7.6683, 0.0, 0.0, 0.0, 1.0]
  mixamorig5:LeftHandRing2: head=(82.46262,142.81281,-7.66830) tail=(85.25282,142.81259,-7.67380) mat_local=[-0.00197, 1.0, -0.0, 82.46262, -0.03822, -8e-05, -0.99927, 142.81281, -0.99927, -0.00197, 0.03822, -7.6683, 0.0, 0.0, 0.0, 1.0]
  mixamorig5:LeftHandRing3: head=(85.25282,142.81281,-7.66830) tail=(87.66903,142.81306,-7.66161) mat_local=[0.00277, 1.0, 0.0, 85.25282, -0.03827, 0.00011, -0.99927, 142.81281, -0.99926, 0.00277, 0.03827, -7.6683, 0.0, 0.0, 0.0, 1.0]
  mixamorig5:LeftHandRing4: head=(87.66903,142.81281,-7.66830) tail=(90.08524,142.81306,-7.66161) mat_local=[0.00277, 1.0, 0.0, 87.66903, -0.03827, 0.00011, -0.99927, 142.81281, -0.99926, 0.00277, 0.03827, -7.6683, 0.0, 0.0, 0.0, 1.0]
  mixamorig5:LeftHandPinky1: head=(78.28266,142.51118,-9.71475) tail=(80.97276,142.51158,-9.70326) mat_local=[0.00427, 0.99999, -0.0, 78.28266, -0.03512, 0.00015, -0.99938, 142.51118, -0.99937, 0.00427, 0.03512, -9.71475, 0.0, 0.0, 0.0, 1.0]
  mixamorig5:LeftHandPinky2: head=(80.97279,142.51118,-9.71475) tail=(83.22559,142.51100,-9.71995) mat_local=[-0.00231, 1.0, -0.0, 80.97279, -0.03498, -8e-05, -0.99939, 142.51118, -0.99939, -0.00231, 0.03498, -9.71475, 0.0, 0.0, 0.0, 1.0]
  mixamorig5:LeftHandPinky3: head=(83.22559,142.51118,-9.71475) tail=(85.20309,142.51097,-9.72105) mat_local=[-0.00319, 0.99999, 0.0, 83.22559, -0.03504, -0.00011, -0.99939, 142.51118, -0.99938, -0.00318, 0.03504, -9.71475, 0.0, 0.0, 0.0, 1.0]
  mixamorig5:LeftHandPinky4: head=(85.20310,142.51118,-9.71475) tail=(87.18060,142.51097,-9.72105) mat_local=[-0.00319, 0.99999, 0.0, 85.2031, -0.03504, -0.00011, -0.99939, 142.51118, -0.99938, -0.00318, 0.03504, -9.71475, 0.0, 0.0, 0.0, 1.0]
  mixamorig5:RightShoulder: head=(-6.47530,146.65526,-5.36316) tail=(-19.20266,142.80603,-5.35169) mat_local=[-0.03086, -0.95718, 0.28784, -6.4753, 0.10498, -0.28949, -0.95141, 146.65526, 0.994, 0.00086, 0.10942, -5.36316, 0.0, 0.0, 0.0, 1.0]
  mixamorig5:RightArm: head=(-19.20266,142.80603,-5.35169) tail=(-46.93146,142.80603,-5.35169) mat_local=[-0.0, -1.0, 0.0, -19.20266, 0.09777, -0.0, -0.99521, 142.80603, 0.99521, -0.0, 0.09777, -5.35169, 0.0, 0.0, 0.0, 1.0]
  mixamorig5:RightForeArm: head=(-46.93146,142.80603,-5.35169) tail=(-68.19316,142.80603,-5.35169) mat_local=[-0.0, -1.0, 0.0, -46.93147, 0.10127, -0.0, -0.99486, 142.80603, 0.99486, -0.0, 0.10127, -5.35169, 0.0, 0.0, 0.0, 1.0]
  mixamorig5:RightHand: head=(-68.19316,142.80603,-5.35169) tail=(-78.33279,142.55605,-6.20818) mat_local=[-0.08448, -0.99615, 0.02338, -68.19316, 0.01299, -0.02456, -0.99961, 142.80603, 0.99634, -0.08414, 0.01501, -5.35169, 0.0, 0.0, 0.0, 1.0]
  mixamorig5:RightHandThumb1: head=(-72.10715,141.48578,-2.73653) tail=(-75.32482,139.73489,-1.36631) mat_local=[0.4009, -0.82271, 0.40303, -72.10715, -0.01998, -0.44767, -0.89397, 141.48578, 0.9159, 0.35034, -0.19591, -2.73653, 0.0, 0.0, 0.0, 1.0]
  mixamorig5:RightHandThumb2: head=(-75.13667,139.73669,-0.98744) tail=(-77.84245,138.13242,0.77068) mat_local=[0.52158, -0.75085, 0.40519, -75.13667, 0.05349, -0.44519, -0.89384, 139.73669, 0.85153, 0.48788, -0.19203, -0.98745, 0.0, 0.0, 0.0, 1.0]
  mixamorig5:RightHandThumb3: head=(-77.92800,138.12511,0.62414) tail=(-80.18139,136.76187,2.21660) mat_local=[0.54701, -0.73217, 0.40583, -77.928, 0.07024, -0.44294, -0.89379, 138.12511, 0.83417, 0.51742, -0.19087, 0.62414, 0.0, 0.0, 0.0, 1.0]
  mixamorig5:RightHandThumb4: head=(-80.31197,136.74872,2.00052) tail=(-82.56535,135.38548,3.59298) mat_local=[0.54701, -0.73217, 0.40583, -80.31197, 0.07024, -0.44294, -0.89379, 136.74872, 0.83417, 0.51742, -0.19087, 2.00052, 0.0, 0.0, 0.0, 1.0]
  mixamorig5:RightHandIndex1: head=(-79.82894,142.44055,-2.71610) tail=(-83.14273,142.44072,-2.70480) mat_local=[0.00341, -0.99999, 0.0, -79.82894, 0.01513, 5e-05, -0.99989, 142.44055, 0.99988, 0.00341, 0.01513, -2.7161, 0.0, 0.0, 0.0, 1.0]
  mixamorig5:RightHandIndex2: head=(-83.14276,142.44055,-2.71610) tail=(-86.18327,142.44043,-2.72410) mat_local=[-0.00263, -1.0, 0.0, -83.14276, 0.01508, -4e-05, -0.99989, 142.44055, 0.99988, -0.00263, 0.01508, -2.7161, 0.0, 0.0, 0.0, 1.0]
  mixamorig5:RightHandIndex3: head=(-86.18327,142.44055,-2.71610) tail=(-88.75348,142.44051,-2.71940) mat_local=[-0.00128, -1.0, -0.0, -86.18327, 0.01503, -2e-05, -0.99989, 142.44055, 0.99989, -0.00128, 0.01503, -2.7161, 0.0, 0.0, 0.0, 1.0]
  mixamorig5:RightHandIndex4: head=(-88.75348,142.44055,-2.71610) tail=(-91.32368,142.44051,-2.71940) mat_local=[-0.00128, -1.0, -0.0, -88.75348, 0.01503, -2e-05, -0.99989, 142.44055, 0.99989, -0.00128, 0.01503, -2.7161, 0.0, 0.0, 0.0, 1.0]
  mixamorig5:RightHandMiddle1: head=(-79.68339,142.80603,-5.35169) tail=(-83.21069,142.80617,-5.34259) mat_local=[0.00258, -1.0, 0.0, -79.68339, 0.01516, 4e-05, -0.99988, 142.80603, 0.99988, 0.00258, 0.01516, -5.35169, 0.0, 0.0, 0.0, 1.0]
  mixamorig5:RightHandMiddle2: head=(-83.21070,142.80603,-5.35169) tail=(-86.57010,142.80579,-5.36739) mat_local=[-0.00467, -0.99999, 0.0, -83.2107, 0.01534, -7e-05, -0.99988, 142.80603, 0.99987, -0.00467, 0.01534, -5.35169, 0.0, 0.0, 0.0, 1.0]
  mixamorig5:RightHandMiddle3: head=(-86.57014,142.80603,-5.35169) tail=(-89.49794,142.80614,-5.34509) mat_local=[0.00225, -1.0, -0.0, -86.57014, 0.01514, 4e-05, -0.99989, 142.80603, 0.99988, 0.00225, 0.01514, -5.35169, 0.0, 0.0, 0.0, 1.0]
  mixamorig5:RightHandMiddle4: head=(-89.49795,142.80603,-5.35169) tail=(-92.42575,142.80614,-5.34509) mat_local=[0.00225, -1.0, -0.0, -89.49795, 0.01514, 4e-05, -0.99989, 142.80603, 0.99988, 0.00225, 0.01514, -5.35169, 0.0, 0.0, 0.0, 1.0]
  mixamorig5:RightHandRing1: head=(-79.75767,142.70337,-7.58220) tail=(-82.67606,142.70340,-7.58080) mat_local=[0.00048, -1.0, 0.0, -79.75767, 0.0244, 1e-05, -0.9997, 142.70337, 0.9997, 0.00048, 0.0244, -7.5822, 0.0, 0.0, 0.0, 1.0]
  mixamorig5:RightHandRing2: head=(-82.67607,142.70337,-7.58220) tail=(-85.36387,142.70326,-7.58679) mat_local=[-0.00171, -1.0, -0.0, -82.67607, 0.02444, -4e-05, -0.9997, 142.70337, 0.9997, -0.00171, 0.02444, -7.5822, 0.0, 0.0, 0.0, 1.0]
  mixamorig5:RightHandRing3: head=(-85.36388,142.70337,-7.58220) tail=(-87.61528,142.70345,-7.57900) mat_local=[0.00142, -1.0, 0.0, -85.36388, 0.02443, 3e-05, -0.9997, 142.70337, 0.9997, 0.00142, 0.02443, -7.5822, 0.0, 0.0, 0.0, 1.0]
  mixamorig5:RightHandRing4: head=(-87.61528,142.70337,-7.58220) tail=(-89.86668,142.70345,-7.57900) mat_local=[0.00142, -1.0, 0.0, -87.61528, 0.02443, 3e-05, -0.9997, 142.70337, 0.9997, 0.00142, 0.02443, -7.5822, 0.0, 0.0, 0.0, 1.0]
  mixamorig5:RightHandPinky1: head=(-78.14632,142.46719,-9.53174) tail=(-80.81712,142.46750,-9.51704) mat_local=[0.0055, -0.99998, -0.0, -78.14632, 0.0203, 0.00011, -0.99979, 142.46719, 0.99978, 0.0055, 0.02031, -9.53174, 0.0, 0.0, 0.0, 1.0]
  mixamorig5:RightHandPinky2: head=(-80.81716,142.46719,-9.53174) tail=(-83.17127,142.46710,-9.53593) mat_local=[-0.00178, -1.0, 0.0, -80.81716, 0.02001, -4e-05, -0.9998, 142.46719, 0.9998, -0.00178, 0.02001, -9.53174, 0.0, 0.0, 0.0, 1.0]
  mixamorig5:RightHandPinky3: head=(-83.17126,142.46719,-9.53174) tail=(-85.19707,142.46698,-9.54213) mat_local=[-0.00513, -0.99999, 0.0, -83.17126, 0.02034, -0.00011, -0.99979, 142.46719, 0.99978, -0.00513, 0.02034, -9.53174, 0.0, 0.0, 0.0, 1.0]
  mixamorig5:RightHandPinky4: head=(-85.19709,142.46719,-9.53174) tail=(-87.22290,142.46698,-9.54213) mat_local=[-0.00513, -0.99999, 0.0, -85.19709, 0.02034, -0.00011, -0.99979, 142.46719, 0.99978, -0.00513, 0.02034, -9.53174, 0.0, 0.0, 0.0, 1.0]
  mixamorig5:LeftUpLeg: head=(9.14410,87.74593,-0.60450) tail=(9.55190,51.95949,-2.49093) mat_local=[-0.99993, 0.01138, -0.00378, 9.1441, -0.01116, -0.99855, -0.05269, 87.74593, -0.0044, -0.05264, 0.99866, -0.6045, 0.0, 0.0, 0.0, 1.0]
  mixamorig5:LeftLeg: head=(9.93366,51.97930,-2.73036) tail=(9.14410,11.94456,-6.19699) mat_local=[-0.9998, -0.01964, -0.00447, 9.93366, 0.01996, -0.99608, -0.08618, 51.9793, -0.00278, -0.08625, 0.99633, -2.73036, 0.0, 0.0, 0.0, 1.0]
  mixamorig5:LeftFoot: head=(9.14410,11.94456,-6.19699) tail=(11.56736,3.55606,7.67630) mat_local=[-0.9889, 0.14784, 0.0149, 9.1441, -0.06359, -0.51176, 0.85677, 11.94456, 0.13427, 0.84637, 0.5155, -6.19699, 0.0, 0.0, 0.0, 1.0]
  mixamorig5:LeftToeBase: head=(11.56736,3.55606,7.67630) tail=(12.61984,3.83888,14.30116) mat_local=[-0.98717, 0.15677, -0.03043, 11.56736, -0.0241, 0.04213, 0.99882, 3.55606, 0.15785, 0.9868, -0.03782, 7.6763, 0.0, 0.0, 0.0, 1.0]
  mixamorig5:LeftToe_End: head=(12.61984,3.83888,14.30116) tail=(13.67232,4.12170,20.92602) mat_local=[-0.98717, 0.15677, -0.03043, 12.61984, -0.0241, 0.04213, 0.99882, 3.83888, 0.15785, 0.9868, -0.03782, 14.30116, 0.0, 0.0, 0.0, 1.0]
  mixamorig5:RightUpLeg: head=(-9.14410,87.74593,-0.98150) tail=(-9.55186,51.96323,-2.58025) mat_local=[-0.99994, -0.01138, 0.00319, -9.1441, 0.01123, -0.99894, -0.04468, 87.74593, 0.00374, -0.04463, 0.99908, -0.9815, 0.0, 0.0, 0.0, 1.0]
  mixamorig5:RightLeg: head=(-9.93367,51.97927,-2.78341) tail=(-9.14410,11.94475,-6.55781) mat_local=[-0.9998, 0.01963, 0.00421, -9.93367, -0.01994, -0.99539, -0.09378, 51.97927, 0.00239, -0.09384, 0.99567, -2.78341, 0.0, 0.0, 0.0, 1.0]
  mixamorig5:RightFoot: head=(-9.14410,11.94475,-6.55781) tail=(-11.56741,3.55543,7.69156) mat_local=[-0.98938, -0.14501, -0.01066, -9.1441, 0.06429, -0.50202, 0.86246, 11.94476, -0.13039, 0.85269, 0.50604, -6.55781, 0.0, 0.0, 0.0, 1.0]
  mixamorig5:RightToeBase: head=(-11.56741,3.55543,7.69156) tail=(-12.61993,3.83790,14.18982) mat_local=[-0.98697, -0.15975, 0.01934, -11.56741, 0.01264, 0.04287, 0.999, 3.55543, -0.16039, 0.98631, -0.04031, 7.69156, 0.0, 0.0, 0.0, 1.0]
  mixamorig5:RightToe_End: head=(-12.61993,3.83790,14.18982) tail=(-13.67245,4.12038,20.68808) mat_local=[-0.98697, -0.15975, 0.01934, -12.61993, 0.01264, 0.04287, 0.999, 3.83791, -0.16039, 0.98631, -0.04031, 14.18982, 0.0, 0.0, 0.0, 1.0]
actions:
  active_action=Armature.001|mixamo.com|Layer0
  frame_range=1.0..110.0
  fcurves=520
  action_in_file=Armature.001|mixamo.com|Layer0 frames=1.0..110.0
root_translation_channels:
  mixamorig5:Hips.location.x: min=-3.73955 max=2.21372 keys=110
  mixamorig5:Hips.location.y: min=-20.55030 max=-15.50243 keys=110
  mixamorig5:Hips.location.z: min=-4.42627 max=2.42298 keys=110

--- SCENE FPS ---
scene_fps=30